EQ1
Hourly
+----+---------------+
|HOUR|COLLISION_COUNT|
+----+---------------+
|0   |64730          |
|1   |34810          |
|2   |26674          |
|3   |23427          |
|4   |26514          |
|5   |28811          |
|6   |44853          |
|7   |61277          |
|8   |111285         |
|9   |107669         |
|10  |100567         |
|11  |104941         |
|12  |111613         |
|13  |117276         |
|14  |135511         |
|15  |126934         |
|16  |146399         |
|17  |143181         |
|18  |125902         |
|19  |103015         |
|20  |86026          |
|21  |72934          |
|22  |66486          |
|23  |55811          |
+----+---------------+

Monthly
+-----+---------------+
|MONTH|COLLISION_COUNT|
+-----+---------------+
|1    |156552         |
|2    |144676         |
|3    |161836         |
|4    |150227         |
|5    |172559         |
|6    |173738         |
|7    |184871         |
|8    |182218         |
|9    |178023         |
|10   |179850         |
|11   |170691         |
|12   |171405         |
+-----+---------------+

Yearly
+----+---------------+
|YEAR|COLLISION_COUNT|
+----+---------------+
|2012|100545         |
|2013|203740         |
|2014|206033         |
|2015|217693         |
|2016|229831         |
|2017|231007         |
|2018|231564         |
|2019|211486         |
|2020|112916         |
|2021|110548         |
|2022|103870         |
|2023|67413          |
+----+---------------+

Peek hour
+----+---------------+
|HOUR|COLLISION_COUNT|
+----+---------------+
|16  |146399         |
+----+---------------+

Rerun EQ2
+--------+
|ZIP_CODE|
+--------+
|11236   |
|11234   |
|11385   |
+--------+

Rerun EQ3
+-----------------------------------------------------------------------------------------------------------------------------------------------------------------------------------------------------------------------------------------------------------------------------------------------------------------------------------------------------------------------------------------------------------------------------------------------------------------------------------------------------------------------------------------------------------------------------------------------------------------------------------------------------------------------------------------------------------------------------------------------------------------------------------------------------------------------------------------------------------------------------------------------------------------------------------------------------------------------------------------------------------------------------------------------------------------------------------------------------------------+--------+---------+
|ZIPCODES                                                                                                                                                                                                                                                                                                                                                                                                                                                                                                                                                                                                                                                                                                                                                                                                                                                                                                                                                                                                                                                                                                         |LATITUDE|LONGITUDE|
+-----------------------------------------------------------------------------------------------------------------------------------------------------------------------------------------------------------------------------------------------------------------------------------------------------------------------------------------------------------------------------------------------------------------------------------------------------------------------------------------------------------------------------------------------------------------------------------------------------------------------------------------------------------------------------------------------------------------------------------------------------------------------------------------------------------------------------------------------------------------------------------------------------------------------------------------------------------------------------------------------------------------------------------------------------------------------------------------------------------------+--------+---------+
|10012                                                                                                                                                                                                                                                                                                                                                                                                                                                                                                                                                                                                                                                                                                                                                                                                                                                                                                                                                                                                                                                                                                            |40.720  |-73.994  |
|10036                                                                                                                                                                                                                                                                                                                                                                                                                                                                                                                                                                                                                                                                                                                                                                                                                                                                                                                                                                                                                                                                                                            |40.757  |-73.989  |
|11201,11205,11420                                                                                                                                                                                                                                                                                                                                                                                                                                                                                                                                                                                                                                                                                                                                                                                                                                                                                                                                                                                                                                                                                                |40.696  |-73.984  |
|10002,10016                                                                                                                                                                                                                                                                                                                                                                                                                                                                                                                                                                                                                                                                                                                                                                                                                                                                                                                                                                                                                                                                                                      |40.746  |-73.974  |
|10022,11370                                                                                                                                                                                                                                                                                                                                                                                                                                                                                                                                                                                                                                                                                                                                                                                                                                                                                                                                                                                                                                                                                                      |40.760  |-73.964  |
|10453,10468                                                                                                                                                                                                                                                                                                                                                                                                                                                                                                                                                                                                                                                                                                                                                                                                                                                                                                                                                                                                                                                                                                      |40.861  |-73.912  |
|11207                                                                                                                                                                                                                                                                                                                                                                                                                                                                                                                                                                                                                                                                                                                                                                                                                                                                                                                                                                                                                                                                                                            |40.675  |-73.896  |
|10001,10455,10459                                                                                                                                                                                                                                                                                                                                                                                                                                                                                                                                                                                                                                                                                                                                                                                                                                                                                                                                                                                                                                                                                                |40.820  |-73.890  |
|11373                                                                                                                                                                                                                                                                                                                                                                                                                                                                                                                                                                                                                                                                                                                                                                                                                                                                                                                                                                                                                                                                                                            |40.733  |-73.870  |
|10000,10001,10002,10003,10004,10005,10007,10009,10010,10011,10012,10013,10014,10016,10017,10018,10019,10021,10022,10023,10024,10025,10026,10027,10028,10029,10030,10031,10032,10033,10034,10035,10036,10037,10038,10039,10040,10065,10069,10075,10128,10168,10172,10280,10282,10301,10304,10305,10306,10307,10308,10309,10310,10312,10314,10451,10452,10453,10454,10455,10456,10457,10458,10459,10460,10461,10462,10463,10464,10465,10466,10467,10468,10469,10470,10471,10472,10473,10474,10475,11001,11004,11005,11040,11101,11102,11103,11104,11105,11106,11201,11203,11204,11205,11206,11207,11208,11209,11210,11211,11212,11213,11214,11215,11216,11217,11218,11219,11220,11221,11222,11223,11224,11225,11226,11228,11229,11230,11231,11232,11233,11234,11235,11236,11237,11238,11239,11249,11354,11355,11356,11357,11358,11360,11361,11362,11363,11364,11365,11366,11367,11368,11369,11370,11372,11373,11374,11375,11377,11378,11379,11385,11411,11412,11413,11414,11415,11416,11417,11418,11419,11420,11421,11422,11423,11426,11427,11428,11429,11430,11432,11433,11434,11435,11436,11691,11692,11693,11694|0.000   |0.000    |
+-----------------------------------------------------------------------------------------------------------------------------------------------------------------------------------------------------------------------------------------------------------------------------------------------------------------------------------------------------------------------------------------------------------------------------------------------------------------------------------------------------------------------------------------------------------------------------------------------------------------------------------------------------------------------------------------------------------------------------------------------------------------------------------------------------------------------------------------------------------------------------------------------------------------------------------------------------------------------------------------------------------------------------------------------------------------------------------------------------------------+--------+---------+
