3c For top 10 most dangerous locations (latitude, longitude) with highest collision counts, find their zip codes.

+-------------+--------------+---------------+--------------+--------+
|LATITUDE     |LONGITUDE     |COLLISION_COUNT|COLLISION_RANK|ZIP_CODE|
+-------------+--------------+---------------+--------------+--------+
|40.8203050000|-73.8908300000|115            |1             |10459   |
|40.6960330000|-73.9845300000|107            |2             |11201   |
|40.8168640000|-73.8827440000|89             |3             |10474   |
|40.7595140000|-73.9992600000|86             |4             |10018   |
|40.7589800000|-73.9959500000|84             |5             |10036   |
|40.8618620000|-73.9128200000|79             |6             |10453   |
|40.7608220000|-73.9983200000|77             |7             |10036   |
|40.7608220000|-73.9983200000|77             |7             |11226   |
|40.7203200000|-73.9940400000|76             |8             |10012   |
|40.7241360000|-73.9926150000|75             |9             |10012   |
|40.7606000000|-73.9643400000|70             |10            |10022   |
+-------------+--------------+---------------+--------------+--------+

To find any duplicated zipcode
+-------------+--------------+---------------+--------------+-----------+
|LATITUDE     |LONGITUDE     |COLLISION_COUNT|COLLISION_RANK|ZIPCODES   |
+-------------+--------------+---------------+--------------+-----------+
|40.8203050000|-73.8908300000|115            |1             |10459      |
|40.6960330000|-73.9845300000|107            |2             |11201      |
|40.8168640000|-73.8827440000|89             |3             |10474      |
|40.7595140000|-73.9992600000|86             |4             |10018      |
|40.7589800000|-73.9959500000|84             |5             |10036      |
|40.8618620000|-73.9128200000|79             |6             |10453      |
|40.7608220000|-73.9983200000|77             |7             |10036,11226| <- zipcode mistake. 10036 is correct
|40.7203200000|-73.9940400000|76             |8             |10012      |
|40.7241360000|-73.9926150000|75             |9             |10012      |
|40.7606000000|-73.9643400000|70             |10            |10022      |
+-------------+--------------+---------------+--------------+-----------+